4
models/Box.obj
0.164 0.164 0.164
-0.17 -0.35 0.1
0.999494 -0.0116372 -0.0295858 0
0.0121864 0.999756 0.01845 0
0.0293639 -0.0188012 0.999392 0
0 0 0 1
models/Doghouse.obj
0.5 0.5 0.5
0.2 -0.4 0.545
1 0 0 0
0 1 0 0
0 0 1 0
0 0 0 1
models/Rock.obj
0.2 0.2 0.2
-0.5 -0.45 0.545
1 0 0 0
0 1 0 0
0 0 1 0
0 0 0 1
models/Duck.obj
0.2 0.2 0.2
0.21 -0.38 0.6
0.585023 0.00317392 0.811016 0
-0.0518693 0.998092 0.0335103 0
-0.809362 -0.0616708 0.584071 0
0 0 0 1
3
-0.0384637 -0.0162237 2.44225
-0.00957799 0.00948493 -0.999909
9.08506e-05 0.999955 0.00948449
1.11909 0.701686 1.56696
-0.624278 -0.417973 -0.659981
-0.287225 0.908459 -0.303651
-0.190584 -0.102581 -1.78973
-0.0164734 0.0619503 0.997943
0.0010225 0.998079 -0.0619419
0.5 0.5 0.5
0.634817 0.270574 0.723742
0 0 0
1 1 1
0.5 0.5 0.5