4
models/Box.obj
0.164 0.164 0.164
-0.17 -0.35 0.1
0.999494 -0.0116372 -0.0295858 0
0.0121864 0.999756 0.01845 0
0.0293639 -0.0188012 0.999392 0
0 0 0 1
0.737255 0 0.301961
0.3 0.3 0.3
0.25 0.25 0.25
5
models/Doghouse.obj
0.5 0.5 0.5
0.2 -0.4 0.545
1 0 0 0
0 1 0 0
0 0 1 0
0 0 0 1
1 1 0
0.3 0.3 0.3
0.25 0.25 0.25
5
models/Rock.obj
0.2 0.2 0.2
-0.5 -0.45 0.545
1 0 0 0
0 1 0 0
0 0 1 0
0 0 0 1
0.301961 1 1
1 0 0.301961
0.25 0.25 0.25
24.144
models/Duck.obj
0.2 0.2 0.2
0.21 -0.38 0.6
0.585023 0.00317392 0.811016 0
-0.0518693 0.998092 0.0335103 0
-0.809362 -0.0616708 0.584071 0
0 0 0 1
0.643137 0.403922 0.937255
0.588 0.588 0.588
0 0 0
15.939
3
-0.0884569 -0.0163212 2.44143
0.0162682 0.0408855 -0.999031
-0.00261677 0.999162 0.0408482
1.11909 0.701686 1.56696
-0.624278 -0.417974 -0.659981
-0.287225 0.908459 -0.303651
-0.190584 -0.102581 -1.78973
-0.0164734 0.0619503 0.997943
0.0010225 0.998079 -0.0619419
0.658824 0.580392 0.745098
0.457199 0.303275 0.836079
0.227451 0.231373 0.305882
1 1 1
0.5 0.5 0.5
